Year	Herd	Perc_snowcover	Week_snowmelt
1970	WAH	0.67454	25
1971	WAH		26
1972	WAH	0.69938	24
1973	WAH	0.73506	26
1974	WAH	0.67625	26
1975	WAH	0.7359	26
1976	WAH	0.76179	28
1977	WAH	0.68804	28
1978	WAH	0.70244	27
1979	WAH	0.66395	31
1980	WAH	0.69168	27
1981	WAH		34
1982	WAH	0.67361	25
1983	WAH	0.66247	25
1984	WAH	0.66593	24
1985	WAH	0.73735	27
1986	WAH	0.70537	25
1987	WAH	0.67841	26
1988	WAH	0.65946	26
1989	WAH	0.66326	24
1990	WAH	0.64605	22
1991	WAH	0.6599	26
1992	WAH	0.71704	28
1993	WAH	0.6785	24
1994	WAH	0.66967	25
1995	WAH	0.66581	26
1996	WAH	0.69507	25
1997	WAH	0.66203	25
1998	WAH	0.6353	23
1999	WAH	0.67232	24
2000	WAH	0.69587	25
2001	WAH	0.70992	25
2002	WAH	0.66422	26
2003	WAH	0.70547	26
2004	WAH	0.66386	26
2005	WAH	0.6532	26
2006	WAH	0.66955	26
2007	WAH	0.63723	24
2008	WAH	0.65464	23
2009	WAH	0.64838	23
2010	WAH	0.64289	24
2011	WAH	0.64703	24
2012	WAH	0.65268	23
2013	WAH	0.68314	24
2014	WAH		24
1970	TCH	0.6909	25
1971	TCH		26
1972	TCH	0.71534	24
1973	TCH	0.75219	26
1974	TCH	0.68535	26
1975	TCH	0.74537	26
1976	TCH	0.77397	28
1977	TCH	0.68869	28
1978	TCH	0.71994	27
1979	TCH	0.67537	31
1980	TCH	0.71203	27
1981	TCH		
1982	TCH	0.67694	25
1983	TCH	0.68434	25
1984	TCH	0.68245	24
1985	TCH	0.74711	27
1986	TCH	0.70874	25
1987	TCH	0.69688	26
1988	TCH	0.67378	26
1989	TCH	0.67472	25
1990	TCH	0.65094	22
1991	TCH	0.66895	26
1992	TCH	0.72802	28
1993	TCH	0.68724	24
1994	TCH	0.68516	25
1995	TCH	0.67154	26
1996	TCH	0.71086	25
1997	TCH	0.66694	25
1998	TCH	0.63918	23
1999	TCH	0.68667	24
2000	TCH	0.71258	25
2001	TCH	0.71977	25
2002	TCH	0.69099	26
2003	TCH	0.72531	26
2004	TCH	0.67909	26
2005	TCH	0.67161	26
2006	TCH	0.68243	26
2007	TCH	0.64928	24
2008	TCH	0.66496	23
2009	TCH	0.66528	23
2010	TCH	0.65722	24
2011	TCH	0.66098	24
2012	TCH	0.66268	23
2013	TCH	0.7037	24
2014	TCH		24
1970	PCH	0.71165	25
1971	PCH		26
1972	PCH	0.71694	24
1973	PCH	0.77213	26
1974	PCH	0.70719	27
1975	PCH	0.70996	26
1976	PCH	0.76244	30
1977	PCH	0.73067	29
1978	PCH	0.72386	27
1979	PCH	0.71512	31
1980	PCH	0.7264	26
1981	PCH		
1982	PCH	0.6988	25
1983	PCH	0.71572	26
1984	PCH	0.68762	24
1985	PCH	0.74587	27
1986	PCH	0.71728	25
1987	PCH	0.70443	25
1988	PCH	0.68747	25
1989	PCH	0.71308	25
1990	PCH	0.66907	23
1991	PCH	0.68637	25
1992	PCH	0.76575	26
1993	PCH	0.70114	24
1994	PCH	0.69361	25
1995	PCH	0.67127	23
1996	PCH	0.75519	25
1997	PCH	0.69002	25
1998	PCH	0.66537	24
1999	PCH	0.69579	24
2000	PCH	0.73292	26
2001	PCH	0.71296	24
2002	PCH	0.71488	28
2003	PCH	0.74411	25
2004	PCH	0.69639	25
2005	PCH	0.72018	27
2006	PCH	0.68965	26
2007	PCH	0.66757	23
2008	PCH	0.67788	23
2009	PCH	0.69435	23
2010	PCH	0.66079	24
2011	PCH	0.6769	24
2012	PCH	0.67227	23
2013	PCH	0.71935	24
2014	PCH		24
1970	CAH	0.7119	25
1971	CAH		26
1972	CAH	0.71589	24
1973	CAH	0.78201	26
1974	CAH	0.69231	24
1975	CAH	0.73367	26
1976	CAH	0.77705	28
1977	CAH	0.71289	26
1978	CAH	0.73755	27
1979	CAH	0.70749	31
1980	CAH	0.73366	26
1981	CAH		
1982	CAH	0.69231	25
1983	CAH	0.70424	25
1984	CAH	0.69847	24
1985	CAH	0.75508	23
1986	CAH	0.71439	25
1987	CAH	0.70894	25
1988	CAH	0.70201	25
1989	CAH	0.71148	25
1990	CAH	0.6589	22
1991	CAH	0.69002	25
1992	CAH	0.75653	26
1993	CAH	0.71177	24
1994	CAH	0.70314	25
1995	CAH	0.668	23
1996	CAH	0.74475	25
1997	CAH	0.67743	24
1998	CAH	0.65743	23
1999	CAH	0.70718	24
2000	CAH	0.73331	25
2001	CAH	0.71839	24
2002	CAH	0.73218	26
2003	CAH	0.7529	25
2004	CAH	0.70827	24
2005	CAH	0.72388	26
2006	CAH	0.70318	26
2007	CAH	0.66572	23
2008	CAH	0.67671	22
2009	CAH	0.7061	23
2010	CAH	0.67961	24
2011	CAH	0.68215	24
2012	CAH	0.67925	23
2013	CAH	0.73585	24
2014	CAH		24
1970	CBH	0.69157	22
1971	CBH		23
1972	CBH	0.67382	21
1973	CBH	0.69739	25
1974	CBH	0.72855	25
1975	CBH	0.7108	24
1976	CBH	0.78402	29
1977	CBH	0.78476	29
1978	CBH	0.67308	24
1979	CBH	0.67779	25
1980	CBH	0.74482	25
1981	CBH	0.71154	26
1982	CBH	0.72855	25
1983	CBH	0.69157	23
1984	CBH	0.64151	22
1985	CBH	0.72855	26
1986	CBH	0.7108	25
1987	CBH	0.59615	23
1988	CBH	0.65311	24
1989	CBH	0.69157	22
1990	CBH	0.67779	23
1991	CBH	0.67086	23
1992	CBH	0.74852	25
1993	CBH	0.6716	23
1994	CBH	0.6716	22
1995	CBH	0.61464	21
1996	CBH	0.73367	25
1997	CBH	0.69083	25
1998	CBH	0.63314	22
1999	CBH	0.69749	25
2000	CBH	0.73003	26
2001	CBH	0.69739	24
2002	CBH	0.70266	25
2003	CBH	0.67899	23
2004	CBH	0.70636	25
2005	CBH	0.73299	27
2006	CBH	0.65237	24
2007	CBH	0.66401	23
2008	CBH	0.67899	23
2009	CBH	0.66198	23
2010	CBH	0.65533	22
2011	CBH	0.64201	22
2012	CBH	0.62627	22
2013	CBH	0.63683	24
2014	CBH		22
1970	BLW	0.70037	26
1971	BLW		26
1972	BLW	0.74256	30
1973	BLW	0.70603	27
1974	BLW	0.73108	27
1975	BLW	0.72674	26
1976	BLW	0.75124	29
1977	BLW	0.78629	29
1978	BLW	0.68921	28
1979	BLW	0.66799	27
1980	BLW	0.73666	27
1981	BLW	0.71185	27
1982	BLW	0.72922	26
1983	BLW	0.72581	27
1984	BLW	0.65977	24
1985	BLW	0.72612	27
1986	BLW	0.73728	27
1987	BLW	0.6371	27
1988	BLW	0.68517	26
1989	BLW	0.73883	25
1990	BLW	0.70694	26
1991	BLW	0.69727	27
1992	BLW	0.75806	27
1993	BLW	0.71433	26
1994	BLW	0.6951	27
1995	BLW	0.69634	27
1996	BLW	0.75228	26
1997	BLW	0.71495	30
1998	BLW	0.66811	26
1999	BLW	0.69541	26
2000	BLW	0.74194	26
2001	BLW	0.74924	27
2002	BLW	0.74287	26
2003	BLW	0.73015	26
2004	BLW	0.73883	26
2005	BLW	0.74566	27
2006	BLW	0.67246	25
2007	BLW	0.7045	25
2008	BLW	0.70068	24
2009	BLW	0.67959	24
2010	BLW	0.67928	24
2011	BLW	0.69045	25
2012	BLW	0.64242	23
2013	BLW	0.67928	24
2014	BLW		24
1970	BAT	0.66705	24
1971	BAT		24
1972	BAT	0.73378	30
1973	BAT	0.61355	25
1974	BAT	0.68049	27
1975	BAT	0.68906	24
1976	BAT	0.71594	30
1977	BAT	0.68628	26
1978	BAT	0.73842	32
1979	BAT	0.75472	28
1980	BAT	0.66057	30
1981	BAT	0.69266	26
1982	BAT	0.70945	26
1983	BAT	0.74212	28
1984	BAT	0.67174	24
1985	BAT	0.71652	27
1986	BAT	0.73772	27
1987	BAT	0.70262	27
1988	BAT	0.68188	28
1989	BAT	0.72335	25
1990	BAT	0.67674	24
1991	BAT	0.71478	31
1992	BAT	0.73135	29
1993	BAT	0.71038	26
1994	BAT	0.68976	25
1995	BAT	0.73656	26
1996	BAT	0.71118	24
1997	BAT	0.70505	27
1998	BAT	0.68987	26
1999	BAT	0.69532	25
2000	BAT	0.7164	26
2001	BAT	0.73471	28
2002	BAT	0.73424	26
2003	BAT	0.71443	27
2004	BAT	0.75382	26
2005	BAT	0.77514	28
2006	BAT	0.67528	24
2007	BAT	0.74324	26
2008	BAT	0.70076	25
2009	BAT	0.69683	25
2010	BAT	0.70505	24
2011	BAT	0.68188	25
2012	BAT	0.66674	23
2013	BAT	0.66172	23
2014	BAT		24
1970	BEV	0.6525	24
1971	BEV		26
1972	BEV	0.73181	27
1973	BEV	0.61855	27
1974	BEV	0.68426	24
1975	BEV	0.68843	25
1976	BEV	0.69663	29
1977	BEV	0.68128	28
1978	BEV	0.76685	32
1979	BEV	0.74579	26
1980	BEV	0.63342	25
1981	BEV	0.68306	26
1982	BEV	0.7096	26
1983	BEV	0.74389	28
1984	BEV	0.65263	24
1985	BEV	0.71452	28
1986	BEV	0.73897	27
1987	BEV	0.72421	29
1988	BEV	0.6692	26
1989	BEV	0.72227	25
1990	BEV	0.65014	25
1991	BEV	0.71899	26
1992	BEV	0.72391	27
1993	BEV	0.70558	26
1994	BEV	0.6771	26
1995	BEV	0.72168	26
1996	BEV	0.71128	24
1997	BEV	0.70066	26
1998	BEV	0.70036	26
1999	BEV	0.6935	25
2000	BEV	0.72391	27
2001	BEV	0.67179	25
2002	BEV	0.73658	26
2003	BEV	0.70915	27
2004	BEV	0.74791	28
2005	BEV	0.7746	28
2006	BEV	0.68545	26
2007	BEV	0.74799	26
2008	BEV	0.68769	26
2009	BEV	0.70155	26
2010	BEV	0.6856	25
2011	BEV	0.68351	26
2012	BEV	0.66155	24
2013	BEV	0.6531	23
2014	BEV		25
1970	QAM	0.68732	24
1971	QAM		26
1972	QAM	0.72801	29
1973	QAM	0.67324	27
1974	QAM	0.6849	25
1975	QAM	0.70591	26
1976	QAM	0.73528	29
1977	QAM	0.70684	28
1978	QAM	0.8092	36
1979	QAM	0.74266	26
1980	QAM	0.65219	26
1981	QAM	0.688	28
1982	QAM	0.68339	27
1983	QAM	0.74718	28
1984	QAM	0.65623	28
1985	QAM	0.7153	26
1986	QAM	0.74142	27
1987	QAM	0.72071	29
1988	QAM	0.68237	26
1989	QAM	0.713	25
1990	QAM	0.64448	25
1991	QAM	0.73848	26
1992	QAM	0.71691	28
1993	QAM	0.69727	26
1994	QAM	0.68175	26
1995	QAM	0.72029	26
1996	QAM	0.70117	24
1997	QAM	0.70258	26
1998	QAM	0.7005	26
1999	QAM	0.6908	27
2000	QAM	0.72961	26
2001	QAM	0.66783	25
2002	QAM	0.72624	26
2003	QAM	0.70338	28
2004	QAM	0.7433	28
2005	QAM	0.7618	28
2006	QAM	0.67772	25
2007	QAM	0.7301	26
2008	QAM	0.65506	27
2009	QAM	0.67933	25
2010	QAM	0.68653	27
2011	QAM	0.69945	27
2012	QAM	0.67326	24
2013	QAM	0.65579	24
2014	QAM		24
1970	LRH	0.74297	29
1971	LRH		26
1972	LRH	0.74606	29
1973	LRH	0.68161	28
1974	LRH	0.71145	25
1975	LRH	0.70517	26
1976	LRH	0.72646	28
1977	LRH	0.74944	28
1978	LRH	0.76303	32
1979	LRH	0.71619	28
1980	LRH	0.66684	30
1981	LRH	0.71061	28
1982	LRH	0.70914	27
1983	LRH	0.70149	27
1984	LRH	0.67523	26
1985	LRH	0.69479	27
1986	LRH	0.72986	29
1987	LRH	0.69963	29
1988	LRH	0.67681	28
1989	LRH	0.70342	25
1990	LRH	0.70263	26
1991	LRH	0.72302	27
1992	LRH	0.75132	29
1993	LRH	0.67865	26
1994	LRH	0.64679	27
1995	LRH	0.63899	21
1996	LRH	0.71309	27
1997	LRH	0.65002	26
1998	LRH	0.64161	26
1999	LRH	0.66788	27
2000	LRH	0.74745	29
2001	LRH	0.65236	25
2002	LRH	0.71093	27
2003	LRH	0.69758	28
2004	LRH	0.68931	29
2005	LRH	0.61354	28
2006	LRH	0.66463	26
2007	LRH	0.686	27
2008	LRH	0.65226	24
2009	LRH	0.70726	27
2010	LRH	0.65965	26
2011	LRH	0.68589	27
2012	LRH	0.6585	24
2013	LRH	0.66804	27
2014	LRH		25
1970	GRH	0.73968	29
1971	GRH		26
1972	GRH	0.73106	29
1973	GRH	0.68008	28
1974	GRH	0.70799	26
1975	GRH	0.70176	26
1976	GRH	0.71274	28
1977	GRH	0.74398	28
1978	GRH	0.76256	32
1979	GRH	0.70267	27
1980	GRH	0.65846	30
1981	GRH	0.71035	30
1982	GRH	0.70008	25
1983	GRH	0.68547	26
1984	GRH	0.65841	26
1985	GRH	0.69882	29
1986	GRH	0.72622	30
1987	GRH	0.68535	29
1988	GRH	0.65009	27
1989	GRH	0.68722	25
1990	GRH	0.68791	28
1991	GRH	0.71065	30
1992	GRH	0.72572	29
1993	GRH	0.67837	24
1994	GRH	0.63709	25
1995	GRH	0.63184	23
1996	GRH	0.71538	28
1997	GRH	0.64246	26
1998	GRH	0.64305	26
1999	GRH	0.67285	28
2000	GRH	0.73484	29
2001	GRH	0.64594	25
2002	GRH	0.71093	29
2003	GRH	0.67718	26
2004	GRH	0.68601	30
2005	GRH	0.60437	26
2006	GRH	0.67517	33
2007	GRH	0.68686	27
2008	GRH	0.62463	24
2009	GRH	0.70528	27
2010	GRH	0.6706	28
2011	GRH	0.67726	26
2012	GRH	0.65649	24
2013	GRH	0.66098	28
2014	GRH		24

